{
  "advancedEditorSelectedIdentifier" : "ProjectBrowser",
  "openSceneRelativePaths" : [
    "Immersive.usda",
    "Scene.usda",
    "Materials\/GridMaterial.usda"
  ],
  "recentIdentifiers" : {
    "53559712-8C65-4958-9D86-383275A68095" : [

    ],
    "AF09ED6F-1707-48FD-8720-65B998362C09" : [

    ]
  },
  "sceneCameraHistory" : {
    "53559712-8C65-4958-9D86-383275A68095" : [
      {
        "date" : 748142840.928716,
        "title" : "Untitled",
        "transform" : [
          1,
          0,
          0,
          0,
          0,
          0.7071069,
          -0.70710677,
          0,
          0,
          0.70710677,
          0.7071069,
          0,
          0,
          0.18297377,
          0.18297377,
          1
        ]
      }
    ],
    "AF09ED6F-1707-48FD-8720-65B998362C09" : [
      {
        "date" : 750776356.884348,
        "title" : "Untitled",
        "transform" : [
          0.46445903,
          1.3112751e-08,
          -0.88559455,
          0,
          -0.45406184,
          0.85855603,
          -0.23813732,
          0,
          0.7603325,
          0.5127197,
          0.3987641,
          0,
          0.44626367,
          1.0649488,
          -1.3269781,
          1
        ]
      },
      {
        "date" : 750776352.081484,
        "title" : "Untitled",
        "transform" : [
          0.46445903,
          1.3112751e-08,
          -0.88559455,
          0,
          -0.45406184,
          0.85855603,
          -0.23813732,
          0,
          0.7603325,
          0.5127197,
          0.3987641,
          0,
          0.27921462,
          1.0778271,
          -1.0250171,
          1
        ]
      },
      {
        "date" : 750776343.934899,
        "title" : "Untitled",
        "transform" : [
          0.99932975,
          7.3117545e-10,
          0.03660654,
          0,
          0.013584717,
          0.9285926,
          -0.3708521,
          0,
          -0.033992562,
          0.37110084,
          0.92797023,
          0,
          0.27921462,
          1.0778271,
          -1.0250171,
          1
        ]
      },
      {
        "date" : 750776336.322164,
        "title" : "Untitled",
        "transform" : [
          0.997733,
          9.417286e-10,
          0.06729688,
          0,
          0.022137413,
          0.9443467,
          -0.32820582,
          0,
          -0.06355159,
          0.32895157,
          0.9422059,
          0,
          0.19336012,
          0.95541275,
          -0.9836676,
          1
        ]
      },
      {
        "date" : 750776319.112894,
        "title" : "Untitled",
        "transform" : [
          0.997733,
          9.417286e-10,
          0.06729688,
          0,
          0.022137413,
          0.9443467,
          -0.32820582,
          0,
          -0.06355159,
          0.32895157,
          0.9422059,
          0,
          0.19336012,
          0.95541275,
          -0.9836676,
          1
        ]
      },
      {
        "date" : 750776277.899732,
        "title" : "Untitled",
        "transform" : [
          0.997733,
          9.417286e-10,
          0.06729688,
          0,
          0.022137413,
          0.9443467,
          -0.32820582,
          0,
          -0.06355159,
          0.32895157,
          0.9422059,
          0,
          0.1670442,
          0.7786991,
          1.0627205,
          1
        ]
      },
      {
        "date" : 750776273.152004,
        "title" : "Untitled",
        "transform" : [
          0.997733,
          9.417286e-10,
          0.06729688,
          0,
          0.022137413,
          0.9443467,
          -0.32820582,
          0,
          -0.06355159,
          0.32895157,
          0.9422059,
          0,
          -0.60043585,
          0.8117515,
          0.9994118,
          1
        ]
      },
      {
        "date" : 750776268.128194,
        "title" : "Untitled",
        "transform" : [
          0.95152783,
          3.9549377e-09,
          -0.3075625,
          0,
          -0.08505408,
          0.9610017,
          -0.26313782,
          0,
          0.29556808,
          0.27654243,
          0.9144199,
          0,
          0.36514282,
          0.6727009,
          1.0303468,
          1
        ]
      },
      {
        "date" : 750776265.931915,
        "title" : "Untitled",
        "transform" : [
          0.95152783,
          3.9549377e-09,
          -0.3075625,
          0,
          -0.08505408,
          0.9610017,
          -0.26313782,
          0,
          0.29556808,
          0.27654243,
          0.9144199,
          0,
          -0.86716574,
          0.61984557,
          1.4446477,
          1
        ]
      },
      {
        "date" : 750776264.243399,
        "title" : "Untitled",
        "transform" : [
          0.95152783,
          3.9549377e-09,
          -0.3075625,
          0,
          -0.08505408,
          0.9610017,
          -0.26313782,
          0,
          0.29556808,
          0.27654243,
          0.9144199,
          0,
          -0.86716574,
          0.61984557,
          1.4446477,
          1
        ]
      }
    ]
  },
  "sceneViewportBackgroundColors" : {

  },
  "selectedSceneRelativePath" : "Immersive.usda"
}